1 5
1 6
1 9
2 5
2 6
2 7
2 9
2 97
3 6
3 7
3 8
3 67
3 71
3 96
3 97
3 98
3 99
3 100
3 101
3 102
3 104
4 7
4 8
4 9
4 29
4 67
4 68
4 69
4 71
4 72
5 8
5 9
5 10
5 67
6 9
6 10
6 11
6 67
6 94
6 97
6 98
6 99
6 101
6 145
6 148
6 149
6 152
7 10
7 11
7 12
7 29
7 67
7 71
7 97
7 100
7 101
7 102
7 104
7 105
7 145
8 11
8 12
8 13
8 29
8 67
9 12
9 29
9 148
10 101
10 144
10 145
10 148
10 149
11 18
11 20
11 28
11 29
11 30
11 104
11 105
11 142
11 145
11 148
12 18
12 28
12 29
12 30
13 18
13 28
13 29
13 60
13 63
13 64
14 17
14 18
14 19
14 26
14 27
14 28
14 29
14 58
14 63
15 18
15 27
15 28
15 46
15 56
15 57
15 58
15 59
15 60
15 63
15 64
16 26
16 27
16 28
16 56
16 57
16 58
17 25
17 26
17 27
17 33
17 39
17 42
17 43
17 44
17 46
17 56
17 57
18 23
18 24
18 25
18 26
18 27
18 28
18 29
18 30
18 31
19 22
19 23
19 24
19 25
19 26
20 23
20 24
20 25
20 26
20 32
21 24
21 137
21 141
21 142
22 137
23 34
23 35
23 36
23 37
24 32
24 33
24 34
24 35
24 36
25 31
25 32
25 33
25 34
25 35
25 36
25 37
25 38
25 39
25 40
25 42
26 29
26 30
26 31
26 32
26 33
26 34
26 42
27 30
27 31
27 32
27 33
27 46
27 56
27 57
27 58
27 63
27 66
28 31
28 58
28 63
28 64
28 66
28 67
29 60
29 63
29 64
29 67
29 70
29 104
30 67
30 70
30 104
31 34
31 45
31 46
31 49
31 63
31 66
31 67
31 69
31 70
31 104
32 35
32 70
32 105
33 36
33 41
33 42
33 43
33 45
33 46
33 49
33 66
34 37
34 38
34 39
34 40
34 41
34 42
34 43
34 45
35 38
36 39
36 41
36 42
37 41
38 41
38 42
38 43
39 42
39 43
39 44
40 43
40 44
40 45
41 44
41 45
41 46
42 45
42 46
42 47
43 46
43 47
43 48
43 53
43 54
43 55
43 56
44 47
44 48
44 49
44 54
45 48
45 49
45 50
46 49
46 50
46 51
46 52
46 54
46 55
46 56
46 57
46 58
46 66
47 50
47 51
47 52
47 53
47 54
47 55
47 56
48 51
48 52
49 52
49 66
50 53
50 54
50 57
50 58
50 62
50 63
50 66
51 54
52 55
52 57
52 58
52 59
52 62
53 56
53 57
54 57
54 58
54 62
57 62
58 61
58 62
58 63
58 64
58 66
59 62
59 63
59 64
60 63
60 64
60 65
61 64
61 65
61 66
61 68
62 65
62 66
62 67
63 66
63 67
63 68
64 67
64 68
64 69
65 68
65 69
65 70
66 69
66 70
66 71
66 104
67 70
67 71
67 72
67 104
68 71
68 72
68 73
68 104
69 72
69 73
69 74
69 76
70 73
70 74
70 75
70 104
71 74
71 75
71 76
71 100
71 104
72 75
72 76
72 77
73 76
73 77
73 78
73 103
73 108
74 77
74 78
74 79
74 100
74 101
74 103
74 104
74 108
75 78
75 79
75 80
75 88
75 100
75 103
76 79
76 80
76 81
76 108
77 80
77 81
77 82
77 84
77 85
77 103
77 108
78 81
78 82
78 83
78 84
78 85
78 86
78 87
78 88
78 96
78 99
78 100
78 101
78 103
78 108
79 82
79 84
79 85
79 88
79 89
80 83
80 85
81 84
81 85
81 86
81 108
81 109
81 111
81 112
82 85
82 86
82 87
83 86
83 87
83 88
83 112
83 115
83 118
83 122
84 87
84 88
84 89
84 103
84 107
84 108
84 109
84 111
84 112
84 118
85 88
85 89
85 90
86 89
86 90
86 91
86 121
86 122
87 90
87 91
87 92
87 96
87 99
87 117
87 118
87 119
87 121
87 122
87 153
88 91
88 92
88 96
88 97
88 99
88 100
88 122
89 92
89 96
90 96
90 121
90 122
90 123
90 124
90 126
91 95
91 96
91 99
91 120
91 121
91 122
91 124
91 126
91 153
92 95
92 96
92 97
92 124
92 126
92 153
93 96
93 97
93 98
94 97
94 98
94 99
94 152
94 153
94 155
95 98
95 99
95 100
95 121
95 126
95 152
95 153
95 154
95 155
96 99
96 100
96 101
96 153
97 100
97 101
97 102
97 152
98 101
98 102
98 103
98 148
98 149
98 150
98 152
98 153
99 102
99 103
99 104
99 111
99 121
99 149
99 153
100 103
100 104
100 105
100 153
101 104
101 105
101 106
101 138
101 145
101 149
102 105
102 106
102 107
102 110
102 111
102 114
102 121
102 133
102 136
102 138
102 145
102 149
102 153
103 106
103 107
103 108
103 111
104 107
104 111
104 145
105 111
105 138
105 141
105 142
105 145
105 146
105 149
106 109
106 110
106 111
106 114
106 138
106 142
106 145
107 110
107 111
107 112
108 111
108 112
108 113
109 112
109 113
109 114
110 113
110 114
111 114
111 115
111 118
112 115
112 118
113 116
113 118
114 117
114 118
114 119
114 132
114 133
114 135
114 136
114 137
114 138
115 118
115 119
115 120
116 119
116 120
116 121
116 128
116 129
116 132
117 120
117 121
117 122
117 128
117 129
117 131
117 132
117 133
117 134
118 121
118 122
118 123
119 122
119 123
119 124
119 125
120 123
120 124
120 125
120 126
120 128
120 129
120 130
120 132
121 124
121 125
121 126
121 129
121 130
121 133
121 153
122 125
122 126
123 126
124 127
125 128
125 129
125 130
126 129
126 130
126 131
126 133
126 150
126 153
126 154
126 155
127 130
127 131
127 132
127 154
128 131
128 132
128 133
128 154
129 132
129 133
129 134
129 150
129 153
130 133
130 134
130 135
130 139
130 150
130 153
130 154
131 134
131 135
131 136
131 150
131 154
132 135
132 136
133 136
133 137
133 138
133 139
133 146
133 149
133 150
133 153
134 137
134 138
134 139
134 140
134 150
135 139
135 140
135 150
136 139
136 140
136 141
136 146
137 140
137 141
137 142
138 141
138 142
138 143
138 145
138 146
138 147
138 149
138 150
138 153
139 142
139 143
139 144
139 146
139 147
139 150
140 143
140 146
142 145
142 146
142 147
143 146
143 147
143 148
144 147
144 148
144 149
145 148
145 149
145 150
146 149
146 150
146 151
147 150
147 151
147 152
148 151
148 152
148 153
149 152
149 153
149 154
150 153
150 154
150 155
151 154
151 155
152 155
