   10   101   0.5000
    6    10   0.4134
   10   145   0.3915
    7    10   0.3850
    7   145   0.3771
    6    11   0.3579
   10   149   0.3546
  104   145   0.3152
   11   148   0.2941
    5    10   0.2270
    9   148   0.2169
    7    11   0.1801
    1     9   0.1691
   11   104   0.1514
    9    12   0.1344
   94   155   0.1305
    6   145   0.1151
    7    12   0.1059
    1     5   0.1057
   12    30   0.1014
   11    30   0.0899
    6   148   0.0847
    6    99   0.0828
    2     9   0.0694
   10   144   0.0657
   11   145   0.0638
    6   101   0.0579
   95   154   0.0546
   95   153   0.0468
    6    98   0.0402
    6   149   0.0391
   21    24   0.0364
    6   152   0.0350
   97   152   0.0349
   13    64   0.0340
    7    97   0.0271
   11    28   0.0265
   11    20   0.0248
   29    60   0.0192
  133   149   0.0183
   12    28   0.0182
   14    29   0.0179
  133   146   0.0146
  138   153   0.0144
  138   150   0.0138
   29    64   0.0127
  101   145   0.0125
   26    29   0.0123
    6    94   0.0123
  121   133   0.0113
    5     9   0.0108
  138   145   0.0103
   18    29   0.0097
   18    30   0.0092
   92   153   0.0087
   18    28   0.0080
  130   153   0.0078
   12    18   0.0077
   18    31   0.0073
  106   145   0.0072
    3   101   0.0072
   29    63   0.0071
   18    27   0.0069
    3   102   0.0067
   95   152   0.0065
    3   104   0.0065
   11    29   0.0060
   95   126   0.0060
  100   153   0.0058
  126   155   0.0057
  126   154   0.0053
   86   121   0.0047
   99   153   0.0044
   91   126   0.0042
   28    58   0.0039
   87   121   0.0037
   14    26   0.0036
   28    31   0.0034
    7   100   0.0033
   96   153   0.0032
    3    99   0.0031
   11   105   0.0031
   91   122   0.0030
   90   121   0.0029
   54    57   0.0027
   90   126   0.0027
  117   133   0.0026
    8    11   0.0024
   46    57   0.0024
   27    56   0.0024
  152   155   0.0022
   94   153   0.0022
   46    55   0.0021
   11    18   0.0020
   50    57   0.0020
   27    57   0.0020
   46    56   0.0020
    3    98   0.0020
   53    57   0.0019
   17    56   0.0018
   90   123   0.0018
   29    70   0.0018
  129   153   0.0017
   21   142   0.0017
    7   105   0.0016
   91   153   0.0016
   20    26   0.0015
   90   124   0.0014
    4     9   0.0014
   43    53   0.0014
   95   155   0.0014
  142   146   0.0014
    3     8   0.0014
   47    56   0.0013
  105   142   0.0012
   43    54   0.0012
   11   142   0.0012
    8    13   0.0011
    8    12   0.0011
   54    58   0.0011
   14    18   0.0011
  142   147   0.0010
   20    23   0.0010
   47    55   0.0010
    2     7   0.0009
   16    56   0.0009
   20    24   0.0009
   15    64   0.0009
   28    67   0.0009
   20    32   0.0009
   91   124   0.0008
    7    71   0.0008
    2    97   0.0008
    7   104   0.0008
   53    56   0.0008
    7   102   0.0007
   87   117   0.0007
  117   134   0.0007
  105   146   0.0007
   21   141   0.0007
   28    63   0.0007
   10   148   0.0006
   31   104   0.0006
   87   153   0.0006
  105   145   0.0006
  105   141   0.0006
  105   149   0.0006
  126   150   0.0005
  114   137   0.0005
   20    25   0.0005
   52    55   0.0005
    7    29   0.0005
   98   148   0.0004
   31    66   0.0004
   15    63   0.0004
    3    71   0.0004
   19    22   0.0004
   13    18   0.0004
   91   121   0.0004
   31    49   0.0004
   83   118   0.0004
    6    97   0.0004
   27    31   0.0003
  151   155   0.0003
   17    57   0.0003
   86   122   0.0003
   31    46   0.0003
   30   104   0.0003
   14    63   0.0002
  114   136   0.0002
  114   138   0.0002
   23    36   0.0002
   21   137   0.0002
    4    69   0.0002
   23    37   0.0002
  102   145   0.0002
   91   120   0.0002
    9    29   0.0002
   52    57   0.0002
   89    96   0.0002
   92   124   0.0002
  111   115   0.0002
   29   104   0.0001
   90    96   0.0001
   15    18   0.0001
   31    63   0.0001
   30    67   0.0001
   43    56   0.0001
   14    58   0.0001
  144   148   0.0001
   22   137   0.0001
  105   138   0.0001
    4    29   0.0001
  133   153   0.0000
   94   152   0.0000
    7   101   0.0000
  140   146   0.0000
   83   122   0.0000
   27    32   0.0000
   31    45   0.0000
