   73    78   0.5000
   46    51   0.4237
   92   153   0.3997
   26    33   0.3427
   92    95   0.3327
   93    97   0.3170
   92    96   0.3075
   86    90   0.3040
   45    50   0.2985
   46    54   0.2927
   73    77   0.2861
   47    51   0.2842
   53    57   0.2737
   84   118   0.2672
   95    98   0.2661
   74    79   0.2583
   92   126   0.2495
   43    53   0.2484
   44    48   0.2408
   73   103   0.2276
   71    75   0.2193
   15    27   0.2187
   75   103   0.2160
   93    98   0.2094
   69    72   0.2089
   44    49   0.2068
   83   112   0.2067
   59    62   0.2034
   19    25   0.2004
  139   146   0.2004
   45    49   0.1983
    6    97   0.1955
  133   138   0.1944
  146   149   0.1931
   89    92   0.1930
   88    91   0.1919
  149   152   0.1911
   93    96   0.1884
   46    66   0.1864
   54    57   0.1836
   15    46   0.1802
   58    62   0.1784
   43    56   0.1781
  105   146   0.1757
   18    23   0.1753
  102   114   0.1750
   11   145   0.1750
  108   111   0.1742
   63    66   0.1736
   74    78   0.1724
    4    68   0.1650
   85    90   0.1642
   59    64   0.1637
  144   149   0.1617
   18    26   0.1559
   33    43   0.1457
  114   117   0.1432
  142   147   0.1407
   74    77   0.1395
   94    99   0.1375
  104   145   0.1372
  132   136   0.1363
  131   135   0.1355
   16    58   0.1345
   38    43   0.1343
  132   135   0.1323
   70    75   0.1287
  130   135   0.1278
   76    80   0.1273
    7    10   0.1263
   21    24   0.1240
   58    61   0.1233
  142   146   0.1221
   27    32   0.1208
  119   124   0.1199
   24    34   0.1175
   71    76   0.1171
   74   108   0.1147
   43    47   0.1130
   88    97   0.1118
   11   142   0.1041
   78    88   0.0965
   16    26   0.0912
   68    72   0.0911
  136   139   0.0903
   13    29   0.0890
   81   109   0.0841
   75    88   0.0840
    3    96   0.0821
   29   104   0.0807
  148   151   0.0798
   65    68   0.0798
  102   121   0.0795
  134   139   0.0788
    8    67   0.0782
  130   139   0.0780
   33    45   0.0773
  121   126   0.0772
  151   155   0.0757
   23    34   0.0720
   88    99   0.0714
  124   127   0.0686
   17    43   0.0682
   10   145   0.0675
   11    28   0.0659
   17    25   0.0655
  138   149   0.0649
   33    42   0.0646
   33    41   0.0645
   95   121   0.0637
   26    32   0.0633
   14    26   0.0616
   54    62   0.0588
   81   108   0.0581
   13    28   0.0577
  139   147   0.0577
    7    11   0.0576
   72    76   0.0566
    4    69   0.0565
  116   119   0.0560
   24    33   0.0522
    7   104   0.0517
   69    74   0.0509
  142   145   0.0485
   33    36   0.0477
   19    22   0.0457
   27    31   0.0448
   25    38   0.0438
   61    64   0.0384
   77    81   0.0375
  105   142   0.0369
  134   150   0.0353
    6    94   0.0351
   87    96   0.0351
   96   100   0.0348
  125   128   0.0333
   68    73   0.0330
   92    97   0.0330
   39    44   0.0326
   81   112   0.0321
   98   150   0.0320
  139   142   0.0319
    4    71   0.0317
   64    68   0.0310
   11   105   0.0309
   48    51   0.0308
   97   101   0.0308
  150   153   0.0299
    6    98   0.0294
   76    81   0.0291
  138   146   0.0289
   19    24   0.0284
   18    24   0.0265
  114   132   0.0261
   78    86   0.0253
   50    54   0.0237
   43    54   0.0229
   34    45   0.0227
  126   129   0.0212
   96    99   0.0212
   77    82   0.0207
  130   133   0.0204
   43    48   0.0202
   61    66   0.0199
   11    18   0.0199
  131   154   0.0196
  121   133   0.0195
  130   134   0.0194
   32   105   0.0192
  117   128   0.0149
  138   142   0.0142
   66    70   0.0137
   47    53   0.0135
   52    62   0.0130
  133   150   0.0128
   68    71   0.0117
   95   100   0.0115
  102   136   0.0114
  109   113   0.0112
  144   148   0.0102
  131   136   0.0093
   92   124   0.0089
   58    64   0.0088
  100   103   0.0088
   97   152   0.0078
  126   130   0.0060
    7   101   0.0055
   34    37   0.0054
  118   123   0.0049
   78   103   0.0048
  120   132   0.0047
   14    17   0.0045
   24    32   0.0037
  106   110   0.0035
   70   104   0.0012
    8    13   0.0011
   95    99   0.0008
   47    52   0.0002
   72    75   0.0001
  119   125   0.0000
